	S1	S2	S3	S4	S5	S6
S1	0.0	0.05472599	0.172588625	0.127164835	0.102843885	0.16062867
S2	0.05472599	0.0	0.173119305	0.109082775	0.127135345	0.18502775
S3	0.172588625	0.173119305	0.0	0.12255653	0.16344285	0.224255695
S4	0.127164835	0.109082775	0.12255653	0.0	0.15960947	0.223623185
S5	0.102843885	0.127135345	0.16344285	0.15960947	0.0	0.116833225
S6	0.16062867	0.18502775	0.224255695	0.223623185	0.116833225	0.0