	s8r1	s3r1	s8	G2	G1	s3	s2	s1	s1r1	s7	s6	s5	s4	A1	A2	C2	C1	E1	E2	s6r1	s5r1	s7r1	F1	F2	H2	s4r1	H1	s2r1	B1	B2	D2	D1
s8r1	0.0	0.246251214444	0.159835268462	0.262010070782	0.297892135581	0.237967383519	0.266117571502	0.275176714416	0.23539810444	0.183993383335	0.17233097504	0.201078906317	0.253503790466	0.265258543143	0.287544600679	0.200335402181	0.276922563127	0.195381548537	0.249902247097	0.183027146665	0.185642897086	0.175858629176	0.165352018182	0.229678778694	0.199725331723	0.241907618481	0.17914574809	0.237666596168	0.203232280151	0.235016619526	0.261674355377	0.250807538041
s3r1	0.246251214444	0.0	0.25000826911	0.149048322652	0.198249073393	0.109231232284	0.188189802223	0.238251987006	0.182371180552	0.248672497709	0.287518745852	0.221535182817	0.197863105894	0.204921425183	0.19377362764	0.274672495528	0.164748274731	0.24339134476	0.255329556934	0.238032712314	0.206670500687	0.255420687246	0.267575950474	0.216670773912	0.287123051737	0.196866830767	0.278492740856	0.174667675567	0.264762099086	0.207418840143	0.210752559461	0.187065685597
s8	0.159835268462	0.25000826911	0.0	0.260413187412	0.264769292338	0.22884556268	0.253579401156	0.290376073519	0.226594880789	0.187368344399	0.212177473617	0.157532026908	0.252432322718	0.257998652575	0.260938000673	0.220723213714	0.231069741703	0.205770922577	0.221319772881	0.203567955514	0.159245632483	0.199586026025	0.181834553132	0.248070542892	0.240959280652	0.244014671923	0.184088021121	0.224190193373	0.20278649072	0.24654043468	0.286835299506	0.255129936213
G2	0.262010070782	0.149048322652	0.260413187412	0.0	0.174088996436	0.141235367294	0.182759889766	0.265996899574	0.212568739881	0.227362186446	0.283425613861	0.22990623394	0.238488050894	0.236121019654	0.156374669841	0.261137548335	0.139828308572	0.212551622115	0.211906673348	0.252324407043	0.216877432397	0.286221407823	0.240755112336	0.183531444783	0.259142360175	0.185062504904	0.239555434111	0.201022767193	0.213582644964	0.197514485777	0.199795925317	0.151545429094
G1	0.297892135581	0.198249073393	0.264769292338	0.174088996436	0.0	0.183507936874	0.192296773491	0.272667479552	0.218601826116	0.256364223107	0.302307255256	0.239263759259	0.219095114985	0.219156192611	0.172966982229	0.311064455175	0.18254866138	0.252027803926	0.218483769681	0.29239170573	0.230389763989	0.304894038457	0.293094472927	0.214412794489	0.309393873653	0.178812287267	0.27399033004	0.20331584112	0.245866489565	0.258718688176	0.190573430106	0.147698831087
s3	0.237967383519	0.109231232284	0.22884556268	0.141235367294	0.183507936874	0.0	0.188645786396	0.244418633303	0.198110904922	0.246796631926	0.273034524027	0.212754890449	0.203721938342	0.218189210477	0.178354545103	0.289346741255	0.138018944057	0.253738730346	0.254793453521	0.235218165491	0.205948722488	0.273380981472	0.274158234486	0.22387259703	0.305211882828	0.195821630255	0.283074498109	0.16870767153	0.259438671655	0.215283548385	0.235423054014	0.178331250498
s2	0.266117571502	0.188189802223	0.253579401156	0.182759889766	0.192296773491	0.188645786396	0.0	0.265271247091	0.173974353344	0.233523132317	0.265898509615	0.226418213334	0.184907031676	0.23370684797	0.149719477197	0.27063181774	0.179544580734	0.205133742985	0.237936005807	0.258171838291	0.204874485941	0.245141037734	0.247645549971	0.166241928261	0.264536775697	0.164683684226	0.258885131727	0.141932361015	0.236815877522	0.162552002633	0.161637229423	0.174873216804
s1	0.275176714416	0.238251987006	0.290376073519	0.265996899574	0.272667479552	0.244418633303	0.265271247091	0.0	0.199533995025	0.288883940124	0.285046067648	0.272378874419	0.253515095583	0.253540088179	0.257138592604	0.291897868507	0.301185301346	0.299037550804	0.31769868069	0.276278129258	0.274900747354	0.246991842397	0.302807933442	0.229691472402	0.288416591727	0.258666801364	0.323690104849	0.229691828041	0.311777024814	0.253605619625	0.271112686101	0.273099140218
s1r1	0.23539810444	0.182371180552	0.226594880789	0.212568739881	0.218601826116	0.198110904922	0.173974353344	0.199533995025	0.0	0.220948350238	0.23978250577	0.214534514189	0.183401847468	0.214205486011	0.207531891032	0.243154554764	0.229547855746	0.234482374032	0.241767998942	0.224331028429	0.213841922799	0.229109314146	0.244120942084	0.174784189185	0.255992284067	0.201934004297	0.26420348513	0.138687794545	0.245325928202	0.193312593798	0.205579336009	0.192630281965
s7	0.183993383335	0.248672497709	0.187368344399	0.227362186446	0.256364223107	0.246796631926	0.233523132317	0.288883940124	0.220948350238	0.0	0.184014792242	0.199193084677	0.256673611292	0.254437365982	0.250395875079	0.143110054651	0.24323895236	0.137694322451	0.206868455833	0.191901605381	0.173345558022	0.157894043783	0.161197596094	0.192308266676	0.151338916879	0.199086181501	0.160108206204	0.223203704882	0.132977449167	0.237313783079	0.260564417198	0.219966600585
s6	0.17233097504	0.287518745852	0.212177473617	0.283425613861	0.302307255256	0.273034524027	0.265898509615	0.285046067648	0.23978250577	0.184014792242	0.0	0.240190035942	0.27353064233	0.29903138114	0.285100161597	0.18095478228	0.286546704958	0.198796268534	0.266641718142	0.165740576123	0.201610015131	0.17749681611	0.16079747913	0.243879651286	0.197086230593	0.2430279184	0.186407936314	0.252345575921	0.208397756109	0.264320819429	0.268769059309	0.290018365077
s5	0.201078906317	0.221535182817	0.157532026908	0.22990623394	0.239263759259	0.212754890449	0.226418213334	0.272378874419	0.214534514189	0.199193084677	0.240190035942	0.0	0.230450848978	0.255281723649	0.228484448592	0.224409840795	0.224240432238	0.21195618717	0.172578901505	0.235684910957	0.113902906233	0.19353637959	0.215171096745	0.233381311419	0.23432465133	0.195959766223	0.207688092447	0.209417663877	0.200663711404	0.220227695879	0.246227971939	0.235786989647
s4	0.253503790466	0.197863105894	0.252432322718	0.238488050894	0.219095114985	0.203721938342	0.184907031676	0.253515095583	0.183401847468	0.256673611292	0.27353064233	0.230450848978	0.0	0.261387726807	0.224614848867	0.25929246752	0.208480754111	0.261673483897	0.280732031244	0.261919048827	0.243632107615	0.255174193756	0.261640777274	0.218667372107	0.284539221804	0.204433566681	0.272560712597	0.188635127059	0.260392932376	0.188445623607	0.176535122172	0.181997043369
A1	0.265258543143	0.204921425183	0.257998652575	0.236121019654	0.219156192611	0.218189210477	0.23370684797	0.253540088179	0.214205486011	0.254437365982	0.29903138114	0.255281723649	0.261387726807	0.0	0.184192927806	0.309309713346	0.242741730603	0.267448028167	0.257967392552	0.287995836025	0.236206268737	0.261992729631	0.296223800738	0.235479311091	0.295087121198	0.262295580394	0.308525702661	0.227238503302	0.266370621167	0.252974262145	0.274435819794	0.250515969357
A2	0.287544600679	0.19377362764	0.260938000673	0.156374669841	0.172966982229	0.178354545103	0.149719477197	0.257138592604	0.207531891032	0.250395875079	0.285100161597	0.228484448592	0.224614848867	0.184192927806	0.0	0.280914061231	0.149637062071	0.242150113232	0.224202985974	0.273141688257	0.230178480529	0.290876035021	0.272051487356	0.195434376568	0.269660523505	0.212621803333	0.251880025752	0.198563210644	0.241938028895	0.208904397633	0.185009380023	0.177656827048
C2	0.200335402181	0.274672495528	0.220723213714	0.261137548335	0.311064455175	0.289346741255	0.27063181774	0.291897868507	0.243154554764	0.143110054651	0.18095478228	0.224409840795	0.25929246752	0.309309713346	0.280914061231	0.0	0.25675684278	0.148874458984	0.200901687003	0.214729348875	0.201125405285	0.177124748168	0.169812682045	0.206067769235	0.11267925479	0.226985458875	0.159998936999	0.264163395188	0.157445021896	0.223657235716	0.247776250732	0.250418943592
C1	0.276922563127	0.164748274731	0.231069741703	0.139828308572	0.18254866138	0.138018944057	0.179544580734	0.301185301346	0.229547855746	0.24323895236	0.286546704958	0.224240432238	0.208480754111	0.242741730603	0.149637062071	0.25675684278	0.0	0.23413673306	0.205977489446	0.276583298568	0.230982136541	0.302131256046	0.238068580398	0.20071055601	0.277401861106	0.19677351002	0.221201809745	0.185902053291	0.206581116242	0.185051353589	0.197338134846	0.154377559125
E1	0.195381548537	0.24339134476	0.205770922577	0.212551622115	0.252027803926	0.253738730346	0.205133742985	0.299037550804	0.234482374032	0.137694322451	0.198796268534	0.21195618717	0.261673483897	0.267448028167	0.242150113232	0.148874458984	0.23413673306	0.0	0.177350391141	0.191113721724	0.162654592371	0.161860267013	0.157524305802	0.193600330989	0.145423279521	0.202960071154	0.139201284809	0.220052190498	0.112456006899	0.218716172509	0.244739088846	0.227979633145
E2	0.249902247097	0.255329556934	0.221319772881	0.211906673348	0.218483769681	0.254793453521	0.237936005807	0.31769868069	0.241767998942	0.206868455833	0.266641718142	0.172578901505	0.280732031244	0.257967392552	0.224202985974	0.200901687003	0.205977489446	0.177350391141	0.0	0.256146993685	0.168256201827	0.244788329042	0.225814833908	0.230706302584	0.211134893403	0.212638569198	0.176954718784	0.2547555241	0.157509825084	0.235010345969	0.25213582707	0.219172149303
s6r1	0.183027146665	0.238032712314	0.203567955514	0.252324407043	0.29239170573	0.235218165491	0.258171838291	0.276278129258	0.224331028429	0.191901605381	0.165740576123	0.235684910957	0.261919048827	0.287995836025	0.273141688257	0.214729348875	0.276583298568	0.191113721724	0.256146993685	0.0	0.196856993237	0.175943133225	0.175124313643	0.258127860592	0.205348810272	0.21783971887	0.224230271405	0.207258680796	0.220719126136	0.250423537202	0.283244932418	0.254453360368
s5r1	0.185642897086	0.206670500687	0.159245632483	0.216877432397	0.230389763989	0.205948722488	0.204874485941	0.274900747354	0.213841922799	0.173345558022	0.201610015131	0.113902906233	0.243632107615	0.236206268737	0.230178480529	0.201125405285	0.230982136541	0.162654592371	0.168256201827	0.196856993237	0.0	0.175870179381	0.205261239693	0.213213819011	0.217837740699	0.177033198425	0.20403166883	0.201472052606	0.177220283108	0.2214988654	0.258877169581	0.234194095125
s7r1	0.175858629176	0.255420687246	0.199586026025	0.286221407823	0.304894038457	0.273380981472	0.245141037734	0.246991842397	0.229109314146	0.157894043783	0.17749681611	0.19353637959	0.255174193756	0.261992729631	0.290876035021	0.177124748168	0.302131256046	0.161860267013	0.244788329042	0.175943133225	0.175870179381	0.0	0.192866347781	0.234661536112	0.178967722287	0.222721858889	0.220225923119	0.234194241669	0.198031736653	0.235941073224	0.27662793403	0.295597294137
F1	0.165352018182	0.267575950474	0.181834553132	0.240755112336	0.293094472927	0.274158234486	0.247645549971	0.302807933442	0.244120942084	0.161197596094	0.16079747913	0.215171096745	0.261640777274	0.296223800738	0.272051487356	0.169812682045	0.238068580398	0.157524305802	0.225814833908	0.175124313643	0.205261239693	0.192866347781	0.0	0.223212081449	0.161025186679	0.226862487183	0.158113017258	0.244874630696	0.154926445214	0.2140876892	0.246882646699	0.245971200931
F2	0.229678778694	0.216670773912	0.248070542892	0.183531444783	0.214412794489	0.22387259703	0.166241928261	0.229691472402	0.174784189185	0.192308266676	0.243879651286	0.233381311419	0.218667372107	0.235479311091	0.195434376568	0.206067769235	0.20071055601	0.193600330989	0.230706302584	0.258127860592	0.213213819011	0.234661536112	0.223212081449	0.0	0.222243229132	0.194777767594	0.212884575847	0.188550168182	0.190334136548	0.162697096555	0.19645088011	0.188026924576
H2	0.199725331723	0.287123051737	0.240959280652	0.259142360175	0.309393873653	0.305211882828	0.264536775697	0.288416591727	0.255992284067	0.151338916879	0.197086230593	0.23432465133	0.284539221804	0.295087121198	0.269660523505	0.11267925479	0.277401861106	0.145423279521	0.211134893403	0.205348810272	0.217837740699	0.178967722287	0.161025186679	0.222243229132	0.0	0.244593117935	0.16980800712	0.26711163007	0.176223701749	0.240256410042	0.238170734329	0.258610590182
s4r1	0.241907618481	0.196866830767	0.244014671923	0.185062504904	0.178812287267	0.195821630255	0.164683684226	0.258666801364	0.201934004297	0.199086181501	0.2430279184	0.195959766223	0.204433566681	0.262295580394	0.212621803333	0.226985458875	0.19677351002	0.202960071154	0.212638569198	0.21783971887	0.177033198425	0.222721858889	0.226862487183	0.194777767594	0.244593117935	0.0	0.21945869966	0.15129354157	0.221351388155	0.199638507535	0.178168407228	0.158023235115
H1	0.17914574809	0.278492740856	0.184088021121	0.239555434111	0.27399033004	0.283074498109	0.258885131727	0.323690104849	0.26420348513	0.160108206204	0.186407936314	0.207688092447	0.272560712597	0.308525702661	0.251880025752	0.159998936999	0.221201809745	0.139201284809	0.176954718784	0.224230271405	0.20403166883	0.220225923119	0.158113017258	0.212884575847	0.16980800712	0.21945869966	0.0	0.25635814799	0.138789409874	0.236070956846	0.25333606816	0.239265828382
s2r1	0.237666596168	0.174667675567	0.224190193373	0.201022767193	0.20331584112	0.16870767153	0.141932361015	0.229691828041	0.138687794545	0.223203704882	0.252345575921	0.209417663877	0.188635127059	0.227238503302	0.198563210644	0.264163395188	0.185902053291	0.220052190498	0.2547555241	0.207258680796	0.201472052606	0.234194241669	0.244874630696	0.188550168182	0.26711163007	0.15129354157	0.25635814799	0.0	0.226911547348	0.177312000014	0.18592861182	0.169531066486
B1	0.203232280151	0.264762099086	0.20278649072	0.213582644964	0.245866489565	0.259438671655	0.236815877522	0.311777024814	0.245325928202	0.132977449167	0.208397756109	0.200663711404	0.260392932376	0.266370621167	0.241938028895	0.157445021896	0.206581116242	0.112456006899	0.157509825084	0.220719126136	0.177220283108	0.198031736653	0.154926445214	0.190334136548	0.176223701749	0.221351388155	0.138789409874	0.226911547348	0.0	0.208114218424	0.251762876051	0.212740413868
B2	0.235016619526	0.207418840143	0.24654043468	0.197514485777	0.258718688176	0.215283548385	0.162552002633	0.253605619625	0.193312593798	0.237313783079	0.264320819429	0.220227695879	0.188445623607	0.252974262145	0.208904397633	0.223657235716	0.185051353589	0.218716172509	0.235010345969	0.250423537202	0.2214988654	0.235941073224	0.2140876892	0.162697096555	0.240256410042	0.199638507535	0.236070956846	0.177312000014	0.208114218424	0.0	0.170090277506	0.202062223254
D2	0.261674355377	0.210752559461	0.286835299506	0.199795925317	0.190573430106	0.235423054014	0.161637229423	0.271112686101	0.205579336009	0.260564417198	0.268769059309	0.246227971939	0.176535122172	0.274435819794	0.185009380023	0.247776250732	0.197338134846	0.244739088846	0.25213582707	0.283244932418	0.258877169581	0.27662793403	0.246882646699	0.19645088011	0.238170734329	0.178168407228	0.25333606816	0.18592861182	0.251762876051	0.170090277506	0.0	0.141790599536
D1	0.250807538041	0.187065685597	0.255129936213	0.151545429094	0.147698831087	0.178331250498	0.174873216804	0.273099140218	0.192630281965	0.219966600585	0.290018365077	0.235786989647	0.181997043369	0.250515969357	0.177656827048	0.250418943592	0.154377559125	0.227979633145	0.219172149303	0.254453360368	0.234194095125	0.295597294137	0.245971200931	0.188026924576	0.258610590182	0.158023235115	0.239265828382	0.169531066486	0.212740413868	0.202062223254	0.141790599536	0.0