	s8r1	s3r1	s8	G2	G1	s3	s2	s1	s1r1	s7	s6	s5	s4	A1	A2	C2	C1	E1	E2	s6r1	s5r1	s7r1	F1	F2	H2	s4r1	H1	s2r1	B1	B2	D2	D1
s8r1	0.0	0.2174285495	0.0210322085	0.2556960895	0.426589867	0.2086207085	0.134981157	0.2109898495	0.159508088	0.115983696	0.115989626	0.1071805785	0.165590324	0.583197055	0.3639553055	0.170647842	0.2771014095	0.239552896	0.185650024	0.067878732	0.0958376485	0.130040851	0.1444746165	0.243254521	0.127756711	0.1277693795	0.1501343675	0.1176939405	0.250037856	0.263249701	0.2308589405	0.2334468515
s3r1	0.2174285495	0.0	0.216865066	0.068806823	0.2573524705	0.047490853	0.1208961205	0.223259591	0.1598718475	0.1515811985	0.2770019935	0.204651148	0.1994126505	0.4391463975	0.197310395	0.1820499685	0.123885212	0.1409905945	0.1345843635	0.2141441135	0.171719312	0.2021321575	0.203108067	0.1965367115	0.1695451985	0.187940232	0.211352502	0.148361231	0.1556350335	0.2163811245	0.140294001	0.092554152
s8	0.0210322085	0.216865066	0.0	0.254775716	0.4238206115	0.208593672	0.1337189585	0.216492564	0.1614252075	0.1243342135	0.1188991515	0.112838106	0.1703357035	0.5785739025	0.360061051	0.1706918575	0.276075652	0.2388861855	0.1836559065	0.0716579495	0.101491683	0.1354972185	0.135986946	0.2408716765	0.1268680095	0.132951737	0.140889303	0.125503375	0.2484609135	0.2616776365	0.22898558	0.231469482
G2	0.2556960895	0.068806823	0.254775716	0.0	0.2071554075	0.094419564	0.1514867295	0.255143624	0.1731425955	0.1871100565	0.3099385215	0.243432773	0.2360591555	0.3953304325	0.152865115	0.1845868105	0.090808563	0.0990402565	0.1376488075	0.2461276325	0.210582568	0.2396690175	0.198192606	0.1599148815	0.1729725985	0.228633043	0.171517105	0.182097406	0.1072708255	0.1634183925	0.130729071	0.080659368
G1	0.426589867	0.2573524705	0.4238206115	0.2071554075	0.0	0.2790277465	0.326191103	0.3860377415	0.30403308	0.353052988	0.482818621	0.4144615345	0.407793477	0.201896496	0.1048345385	0.327337181	0.2204186635	0.237964994	0.281529312	0.416614674	0.3795658335	0.407748457	0.3483071985	0.271614087	0.339948344	0.4078268825	0.3278934995	0.3589875655	0.237867129	0.268039706	0.2503332965	0.2187184165
s3	0.2086207085	0.047490853	0.208593672	0.094419564	0.2790277465	0.0	0.1295938395	0.238105244	0.1667105505	0.1482386455	0.2721983135	0.194227247	0.2061312615	0.4538287485	0.214624241	0.1888752565	0.123488809	0.1630753205	0.1480027895	0.2100892535	0.170998944	0.2012739835	0.21156138	0.2158035055	0.1724139765	0.178168374	0.2230746	0.154862908	0.1790981535	0.2367402345	0.167214876	0.120369659
s2	0.134981157	0.1208961205	0.1337189585	0.1514867295	0.326191103	0.1295938395	0.0	0.1885462455	0.107943043	0.100255244	0.188912199	0.1578308485	0.142620647	0.502075433	0.2609464655	0.155844904	0.1821789315	0.176271221	0.162085627	0.130985957	0.1213362515	0.145217713	0.1955012955	0.191623996	0.106075987	0.1290559865	0.2108481435	0.0526855305	0.187829871	0.206797136	0.1709466475	0.1325148505
s1	0.2109898495	0.223259591	0.216492564	0.255143624	0.3860377415	0.238105244	0.1885462455	0.0	0.1667306205	0.1798787335	0.1800114395	0.167698124	0.0716465295	0.5485688275	0.317239404	0.2259869035	0.320727203	0.2826135345	0.2422317325	0.1857799135	0.166660321	0.1550827965	0.288300481	0.2716288905	0.2006264705	0.136985689	0.315849344	0.171189825	0.2918601765	0.3252717055	0.219291282	0.208585244
s1r1	0.159508088	0.1598718475	0.1614252075	0.1731425955	0.30403308	0.1667105505	0.107943043	0.1667306205	0.0	0.139604794	0.214476374	0.1764291265	0.140938673	0.48077125	0.2469972785	0.113655422	0.2227088915	0.181761654	0.169267308	0.157565566	0.1522883635	0.166647454	0.1778867955	0.14228027	0.103924614	0.1569561425	0.2038027645	0.1081595665	0.19073659	0.189680885	0.1146123385	0.1171348575
s7	0.115983696	0.1515811985	0.1243342135	0.1871100565	0.353052988	0.1482386455	0.100255244	0.1798787335	0.139604794	0.0	0.166284501	0.1064900105	0.150758876	0.526902573	0.2869115095	0.130823652	0.2095142735	0.155536519	0.144130428	0.101357723	0.0712864555	0.073003587	0.1992611185	0.231914219	0.076965522	0.1153888605	0.2162618135	0.0842434165	0.168918203	0.251648573	0.2003573185	0.1724860225
s6	0.115989626	0.2770019935	0.1188991515	0.3099385215	0.482818621	0.2721983135	0.188912199	0.1800114395	0.214476374	0.166284501	0.0	0.1211736775	0.137379922	0.637447704	0.4170717845	0.213687759	0.3313128975	0.292121474	0.239889215	0.078370096	0.1416239605	0.125209027	0.1908816735	0.281305139	0.177393934	0.1269223855	0.2363676465	0.1637241065	0.300345766	0.312215934	0.2812855965	0.2879328355
s5	0.1071805785	0.204651148	0.112838106	0.243432773	0.4144615345	0.194227247	0.1578308485	0.167698124	0.1764291265	0.1064900105	0.1211736775	0.0	0.1335526005	0.5746254355	0.350059466	0.1851855695	0.268934694	0.2324249265	0.1661505925	0.0945282145	0.054482512	0.0820965945	0.209354135	0.2697914815	0.1366926745	0.071781418	0.228062341	0.128755559	0.2436271345	0.2959926805	0.233259338	0.22183492
s4	0.165590324	0.1994126505	0.1703357035	0.2360591555	0.407793477	0.2061312615	0.142620647	0.0716465295	0.140938673	0.150758876	0.137379922	0.1335526005	0.0	0.576503126	0.3435088605	0.203071922	0.2846758925	0.274075455	0.245360279	0.146303543	0.1420182845	0.113756755	0.2588989095	0.240955312	0.169743868	0.0840907775	0.2803930135	0.1173942575	0.283044296	0.284358078	0.2058070925	0.2023743585
A1	0.583197055	0.4391463975	0.5785739025	0.3953304325	0.201896496	0.4538287485	0.502075433	0.5485688275	0.48077125	0.526902573	0.637447704	0.5746254355	0.576503126	0.0	0.2593443925	0.497836108	0.3896763835	0.411863173	0.447501532	0.571902049	0.5431793585	0.574648158	0.4978470255	0.433384407	0.510725163	0.5771002275	0.4851583295	0.5362523165	0.407786211	0.424305147	0.4259509115	0.4026288095
A2	0.3639553055	0.197310395	0.360061051	0.152865115	0.1048345385	0.214624241	0.2609464655	0.317239404	0.2469972785	0.2869115095	0.4170717845	0.350059466	0.3435088605	0.2593443925	0.0	0.2806561755	0.154664289	0.1812172925	0.2202783835	0.3486136125	0.309496813	0.3432291835	0.289828167	0.2349386875	0.2788353335	0.341918652	0.274321351	0.296637285	0.1846858765	0.2357439985	0.212894286	0.158872027
C2	0.170647842	0.1820499685	0.1706918575	0.1845868105	0.327337181	0.1888752565	0.155844904	0.2259869035	0.113655422	0.130823652	0.213687759	0.1851855695	0.203071922	0.497836108	0.2806561755	0.0	0.2292957045	0.118899511	0.12730026	0.161172968	0.1561083955	0.151527574	0.1381165265	0.122401577	0.069067314	0.1961250685	0.1732417295	0.1620237565	0.115806105	0.147574247	0.1025087405	0.1548227985
C1	0.2771014095	0.123885212	0.276075652	0.090808563	0.2204186635	0.123488809	0.1821789315	0.320727203	0.2227088915	0.2095142735	0.3313128975	0.268934694	0.2846758925	0.3896763835	0.154664289	0.2292957045	0.0	0.1421280495	0.1773399415	0.2730944315	0.236885353	0.2597991155	0.233669346	0.2090604775	0.2170887875	0.261086704	0.20731967	0.209141304	0.1482423295	0.1843033995	0.197763951	0.15018003
E1	0.239552896	0.1409905945	0.2388861855	0.0990402565	0.237964994	0.1630753205	0.176271221	0.2826135345	0.181761654	0.155536519	0.292121474	0.2324249265	0.274075455	0.411863173	0.1812172925	0.118899511	0.1421280495	0.0	0.102204996	0.223297328	0.1912687985	0.202347838	0.1499653395	0.142741701	0.12654239	0.2432891325	0.1491740255	0.2001174665	0.031833987	0.145243855	0.1258797595	0.1080812795
E2	0.185650024	0.1345843635	0.1836559065	0.1376488075	0.281529312	0.1480027895	0.162085627	0.2422317325	0.169267308	0.144130428	0.239889215	0.1661505925	0.245360279	0.447501532	0.2202783835	0.12730026	0.1773399415	0.102204996	0.0	0.179221844	0.1276178995	0.182247193	0.1359795325	0.18159126	0.112305715	0.1982487445	0.1473995515	0.1790592045	0.109086675	0.201122942	0.1443224065	0.1160154155
s6r1	0.067878732	0.2141441135	0.0716579495	0.2461276325	0.416614674	0.2100892535	0.130985957	0.1857799135	0.157565566	0.101357723	0.078370096	0.0945282145	0.146303543	0.571902049	0.3486136125	0.161172968	0.2730944315	0.223297328	0.179221844	0.0	0.0849571105	0.11238147	0.1416710775	0.236977667	0.119240314	0.1134179435	0.1809802665	0.1100396015	0.232827641	0.257240433	0.2237330225	0.2236636635
s5r1	0.0958376485	0.171719312	0.101491683	0.210582568	0.3795658335	0.170998944	0.1213362515	0.166660321	0.1522883635	0.0712864555	0.1416239605	0.054482512	0.1420182845	0.5431793585	0.309496813	0.1561083955	0.236885353	0.1912687985	0.1276178995	0.0849571105	0.0	0.0816031765	0.194025735	0.2478113485	0.1066004675	0.086028013	0.211884921	0.097918409	0.2021727015	0.2698044515	0.206857848	0.185619177
s7r1	0.130040851	0.2021321575	0.1354972185	0.2396690175	0.407748457	0.2012739835	0.145217713	0.1550827965	0.166647454	0.073003587	0.125209027	0.0820965945	0.113756755	0.574648158	0.3432291835	0.151527574	0.2597991155	0.202347838	0.182247193	0.11238147	0.0816031765	0.0	0.2218307465	0.25265354	0.10225722	0.0796712435	0.2392053065	0.1162265015	0.21120921	0.276885391	0.2305435995	0.2202951285
F1	0.1444746165	0.203108067	0.135986946	0.198192606	0.3483071985	0.21156138	0.1955012955	0.288300481	0.1778867955	0.1992611185	0.1908816735	0.209354135	0.2588989095	0.4978470255	0.289828167	0.1381165265	0.233669346	0.1499653395	0.1359795325	0.1416710775	0.194025735	0.2218307465	0.0	0.1581743405	0.1461339015	0.238520251	0.083877357	0.211603601	0.1568094035	0.1792337195	0.155296632	0.170949475
F2	0.243254521	0.1965367115	0.2408716765	0.1599148815	0.271614087	0.2158035055	0.191623996	0.2716288905	0.14228027	0.231914219	0.281305139	0.2697914815	0.240955312	0.433384407	0.2349386875	0.122401577	0.2090604775	0.142741701	0.18159126	0.236977667	0.2478113485	0.25265354	0.1581743405	0.0	0.173800086	0.2548728055	0.1745689505	0.2001838245	0.134929226	0.076529055	0.0735915105	0.1277228595
H2	0.127756711	0.1695451985	0.1268680095	0.1729725985	0.339948344	0.1724139765	0.106075987	0.2006264705	0.103924614	0.076965522	0.177393934	0.1366926745	0.169743868	0.510725163	0.2788353335	0.069067314	0.2170887875	0.12654239	0.112305715	0.119240314	0.1066004675	0.10225722	0.1461339015	0.173800086	0.0	0.1425508075	0.1632985605	0.1108482705	0.136450394	0.193928274	0.1483214495	0.1482646625
s4r1	0.1277693795	0.187940232	0.132951737	0.228633043	0.4078268825	0.178168374	0.1290559865	0.136985689	0.1569561425	0.1153888605	0.1269223855	0.071781418	0.0840907775	0.5771002275	0.341918652	0.1961250685	0.261086704	0.2432891325	0.1982487445	0.1134179435	0.086028013	0.0796712435	0.238520251	0.2548728055	0.1425508075	0.0	0.254790036	0.103601808	0.2537633745	0.2838452535	0.22529626	0.202103953
H1	0.1501343675	0.211352502	0.140889303	0.171517105	0.3278934995	0.2230746	0.2108481435	0.315849344	0.2038027645	0.2162618135	0.2363676465	0.228062341	0.2803930135	0.4851583295	0.274321351	0.1732417295	0.20731967	0.1491740255	0.1473995515	0.1809802665	0.211884921	0.2392053065	0.083877357	0.1745689505	0.1632985605	0.254790036	0.0	0.226271481	0.1535840135	0.1752019595	0.183795111	0.183241428
s2r1	0.1176939405	0.148361231	0.125503375	0.182097406	0.3589875655	0.154862908	0.0526855305	0.171189825	0.1081595665	0.0842434165	0.1637241065	0.128755559	0.1173942575	0.5362523165	0.296637285	0.1620237565	0.209141304	0.2001174665	0.1790592045	0.1100396015	0.097918409	0.1162265015	0.211603601	0.2001838245	0.1108482705	0.103601808	0.226271481	0.0	0.2100000195	0.2199493945	0.182285715	0.160144836
B1	0.250037856	0.1556350335	0.2484609135	0.1072708255	0.237867129	0.1790981535	0.187829871	0.2918601765	0.19073659	0.168918203	0.300345766	0.2436271345	0.283044296	0.407786211	0.1846858765	0.115806105	0.1482423295	0.031833987	0.109086675	0.232827641	0.2021727015	0.21120921	0.1568094035	0.134929226	0.136450394	0.2537633745	0.1535840135	0.2100000195	0.0	0.127016773	0.1203406685	0.1172925825
B2	0.263249701	0.2163811245	0.2616776365	0.1634183925	0.268039706	0.2367402345	0.206797136	0.3252717055	0.189680885	0.251648573	0.312215934	0.2959926805	0.284358078	0.424305147	0.2357439985	0.147574247	0.1843033995	0.145243855	0.201122942	0.257240433	0.2698044515	0.276885391	0.1792337195	0.076529055	0.193928274	0.2838452535	0.1752019595	0.2199493945	0.127016773	0.0	0.1173995075	0.1718954955
D2	0.2308589405	0.140294001	0.22898558	0.130729071	0.2503332965	0.167214876	0.1709466475	0.219291282	0.1146123385	0.2003573185	0.2812855965	0.233259338	0.2058070925	0.4259509115	0.212894286	0.1025087405	0.197763951	0.1258797595	0.1443224065	0.2237330225	0.206857848	0.2305435995	0.155296632	0.0735915105	0.1483214495	0.22529626	0.183795111	0.182285715	0.1203406685	0.1173995075	0.0	0.069233937
D1	0.2334468515	0.092554152	0.231469482	0.080659368	0.2187184165	0.120369659	0.1325148505	0.208585244	0.1171348575	0.1724860225	0.2879328355	0.22183492	0.2023743585	0.4026288095	0.158872027	0.1548227985	0.15018003	0.1080812795	0.1160154155	0.2236636635	0.185619177	0.2202951285	0.170949475	0.1277228595	0.1482646625	0.202103953	0.183241428	0.160144836	0.1172925825	0.1718954955	0.069233937	0.0